GEOID,MSA,year,pct_hispanic,pct_white,pct_black,pct_indian,pct_asian,pct_hawaiian,pct_other,pct_mixed
3100000US10140,10140,2006,6.480226856831547,83.89092991744312,.5713327838853424,3.518795311997988,1.660916088116558,.1354994621928562,.6537499825387291,3.088549596993868
3100000US10140,10140,2007,6.8,84.2,.4,3.6,1.1,.3,.2,3.5
3100000US10140,10140,2008,7.5,83.40000000000001,.8,4.2,1.2,.1,0,2.8
3100000US10140,10140,2009,7.9,82.90000000000001,.9,4.4,1.4,0,.2,2.3
310M100US10140,10140,2010,8.699999999999999,81.40000000000001,1,3.7,1.8,.1,0,3.3
310M100US10140,10140,2011,8.9,81,.5,3.9,1,.5,.3,4
310M100US10140,10140,2012,9.199999999999999,80.59999999999999,1.3,4.5,1.6,.1,0,2.7
310M200US10140,10140,2013,9.6,80.2,1.9,4,1.3,1.2,0,1.8
310M200US10140,10140,2014,9.800000000000001,79.8,1.2,3.9,1.8,.1,0,3.4
310M200US10140,10140,2015,10.1,79.3,.9,4.1,1.6,.3,0,3.6
310M300US10140,10140,2016,9.9,79.40000000000001,1.7,3,1.8,.2,.1,3.9
3100000US10180,10180,2006,19.54739258773368,70.37868658072003,6.661074248807932,.2888715089436638,1.429220173070616,0,.3513131669904382,1.343441733733633
3100000US10180,10180,2007,19.4,70.7,7.2,.5,1.4,0,0,1
3100000US10180,10180,2008,20.3,69.90000000000001,6.7,.3,1.1,0,.2,1.4
3100000US10180,10180,2009,20.7,68.3,5.7,.5,1.3,.2,2,1.3
310M100US10180,10180,2010,21.3,67.90000000000001,7.1,.3,1,0,.3,2
310M100US10180,10180,2011,22,65.90000000000001,8.199999999999999,.3,1.5,0,0,2
310M100US10180,10180,2012,21.3,67.90000000000001,7.6,.2,1.5,0,.1,1.5
310M200US10180,10180,2013,22.6,66.40000000000001,7.5,.2,1.4,.1,0,1.8
310M200US10180,10180,2014,23.1,65.90000000000001,7.1,.5,1.5,.1,.1,1.6
310M200US10180,10180,2015,23.4,65.09999999999999,7.5,.4,1.3,0,.2,2.1
310M300US10180,10180,2016,22.6,65,8,.6,1.9,0,.2,1.7
3100000US10300,10300,2006,7.298098658394575,88.5332367821041,1.387597733655606,.1888620328600366,.4657944437377068,0,.3102034425732207,1.816206906674756
3100000US10300,10300,2007,7.4,88.40000000000001,2.1,.2,.6,.1,.2,1
3100000US10300,10300,2008,7.5,88.3,2.4,.3,.7,0,0,.8
3100000US10300,10300,2009,7.6,88.09999999999999,2.3,.4,.4,0,0,1.1
310M100US10300,10300,2010,7.6,87.09999999999999,2,.5,.4,0,.4,2
310M100US10300,10300,2011,7.6,87.5,2.4,.4,.5,0,0,1.7
310M100US10300,10300,2012,7.6,87.2,2.3,.6,.3,0,.1,1.9
310M200US10300,10300,2013,7.7,87.2,2.7,.3,.3,.2,0,1.7
310M200US10300,10300,2014,7.7,87.2,2.5,.2,.3,0,0,2.2
310M200US10300,10300,2015,7.6,87.09999999999999,1.9,.7,.4,.2,0,2.1
310M300US10300,10300,2016,7.8,86.5,3,.3,.3,0,0,2.1
3100000US10380,10380,2006,,,,,,,,
3100000US10380,10380,2007,,,,,,,,
3100000US10380,10380,2008,,,,,,,,
3100000US10380,10380,2009,97.59999999999999,,,,,,,
310M100US10380,10380,2010,97.3,2.4,.1,0,0,0,.1,.2
310M100US10380,10380,2011,97.3,,,,,,,
310M100US10380,10380,2012,97.2,1.2,0,0,.2,0,.1,1.2
310M200US10380,10380,2013,97.90000000000001,.5,0,0,.1,0,0,1.4
310M200US10380,10380,2014,97.40000000000001,1.3,.2,0,.1,0,.3,.6
310M200US10380,10380,2015,97.59999999999999,2,.1,0,0,0,.1,.3
310M300US10380,10380,2016,96.8,2.4,.2,0,0,0,.2,.2
3100000US10420,10420,2006,1.045591438961513,83.91181593938451,11.59181274368957,.2128561095552705,1.771470718731766,.0563526563500884,.3041616793376922,1.105938713989583
3100000US10420,10420,2007,1.1,83.8,12,.1,1.8,0,.2,1
3100000US10420,10420,2008,1.2,83.5,11.5,.2,1.7,0,.2,1.6
3100000US10420,10420,2009,1.3,83.40000000000001,11.9,.1,1.9,0,.2,1.3
310M100US10420,10420,2010,1.5,82.3,11.6,.1,1.9,0,.2,2.3
310M100US10420,10420,2011,1.6,82,11.6,.2,2.1,0,.1,2.2
310M100US10420,10420,2012,1.7,81.8,11.6,.1,2.1,0,.1,2.6
310M200US10420,10420,2013,1.8,81.40000000000001,11.9,.2,2.3,0,.1,2.3
310M200US10420,10420,2014,1.9,81.09999999999999,12.1,.2,2.6,0,.1,2.1
310M200US10420,10420,2015,1.9,80.7,11.8,.1,2.6,0,.1,2.8
310M300US10420,10420,2016,1.9,80.3,12,.1,2.8,0,.2,2.6
310M100US10460,10460,2011,34.9,52.3,3.3,5.8,.9,0,.1,2.7
310M100US10460,10460,2012,35.3,52,3.7,6.1,1.5,0,0,1.4
310M200US10460,10460,2013,35.6,51,3,6.4,1.1,.1,.6,2.2
310M200US10460,10460,2014,36.5,50.7,3.5,6.4,.8,.1,0,2.2
310M200US10460,10460,2015,37.4,49.8,3.6,6.9,.9,0,.2,1.2
310M300US10460,10460,2016,37.8,49.3,3.4,6.3,1.5,0,.2,1.7
3100000US10500,10500,2006,1.338890841017315,47.56031067114176,49.39659037210261,.1556990706522398,.6355187747634222,0,.0587657970944251,.8542244732282415
3100000US10500,10500,2007,1.5,45.5,50.7,.3,.8,0,0,1.3
3100000US10500,10500,2008,1.2,46.7,50.3,.3,.6,0,0,.8
3100000US10500,10500,2009,1.5,43,53,.1,1.1,0,0,1.2
310M100US10500,10500,2010,2.2,42.5,53.3,.1,1.1,0,0,.7
310M100US10500,10500,2011,1.9,43.2,53.1,0,.8,0,0,1.1
310M100US10500,10500,2012,2.3,42.8,52.3,.1,1.1,0,.5,.8
310M200US10500,10500,2013,2.2,41.7,53.7,0,1,0,0,1.3
310M200US10500,10500,2014,2.6,42.8,52,0,.7,0,.1,1.7
310M200US10500,10500,2015,2.7,41.6,53,.2,.7,0,0,1.7
310M300US10500,10500,2016,2.6,40.5,53.9,.2,1,0,.4,1.4
3100000US10540,10540,2006,5.553014198710186,89.57744710240472,.4655167774399268,1.111320399321906,1.020728502363462,.1793898949672165,.0152481410722134,2.077334983720367
3100000US10540,10540,2007,6,89.09999999999999,.3,1.3,.9,.1,0,2.3
3100000US10540,10540,2008,6.3,88.90000000000001,.4,1.4,1.1,.2,0,1.7
3100000US10540,10540,2009,6.5,88.3,.6,1.1,.6,.9,.1,2
310M100US10540,10540,2010,7.9,87,.3,2,.8,0,0,2
310M100US10540,10540,2011,8,86.8,.4,1.4,.8,0,0,2.7
310M100US10540,10540,2012,8.1,86.59999999999999,.6,2,1.2,0,.1,1.5
310M200US10540,10540,2013,8.199999999999999,86.40000000000001,.2,1.2,1.6,.2,0,2.1
310M200US10540,10540,2014,8.4,86.2,.3,2,1.1,0,0,2.1
310M200US10540,10540,2015,8.699999999999999,85.8,.1,.8,1,.1,0,3.6
310M300US10540,10540,2016,8.800000000000001,85.2,.5,.8,1,.1,.3,3.3
3100000US10580,10580,2006,3.030352885045895,85.21993473230727,6.65650555786015,.2209277319535535,3.058203881042167,.0106938423445603,.4831031415218396,1.32027822792456
3100000US10580,10580,2007,3.3,84.7,6.6,.1,2.9,0,.6,1.8
3100000US10580,10580,2008,3.4,84.90000000000001,6.2,.2,3.1,0,.4,1.8
3100000US10580,10580,2009,3.5,84.40000000000001,6.6,.2,2.9,.1,.5,1.9
310M100US10580,10580,2010,4.2,82.8,7.4,.3,3,0,.4,2
310M100US10580,10580,2011,4.4,82.5,6.9,.1,3.2,0,.4,2.5
310M100US10580,10580,2012,4.5,82,7.2,.1,3.3,0,.4,2.5
310M200US10580,10580,2013,4.7,81.5,7.2,.2,3.7,.1,.4,2.2
310M200US10580,10580,2014,4.9,81.09999999999999,7.2,.1,4,0,.3,2.5
310M200US10580,10580,2015,5,80.3,7.1,.1,4.3,0,.5,2.7
310M300US10580,10580,2016,5.1,79.8,7,.1,4.4,0,.8,2.8
3100000US10700,10700,2006,9.29058897746172,87.26959912829042,1.218099443711648,.5000860239720135,1.164191087916499,.0355565750989276,0,.5218787635487756
3100000US10700,10700,2007,9.800000000000001,86.5,2.3,.4,.4,0,0,.6
3100000US10700,10700,2008,10.4,85.7,2.4,.7,0,0,0,.8
3100000US10700,10700,2009,12.2,83.8,.9,.4,.3,0,0,2.3
310M100US10700,10700,2010,12.1,83.90000000000001,1.5,.9,.6,0,0,1
310M100US10700,10700,2011,12.5,83.09999999999999,2.2,.3,.5,0,0,1.4
310M100US10700,10700,2012,12.8,82.90000000000001,2.1,.4,.6,0,0,1.2
310M200US10700,10700,2013,12.9,82.59999999999999,1.5,.7,.3,0,0,2.1
310M200US10700,10700,2014,12.9,82.09999999999999,2.4,.3,.5,0,.2,1.6
310M200US10700,10700,2015,13,81.90000000000001,2.7,.2,0,.1,0,2
310M300US10700,10700,2016,13.5,81.3,2.9,.4,.8,0,0,1.1
3100000US10740,10740,2006,43.97348638141839,44.72499172215886,2.495983714114026,5.392247035306525,1.729884846032155,.0169235863286855,.5430263787204297,1.123456335920925
3100000US10740,10740,2007,44.2,44.2,2.6,5.2,1.9,0,.5,1.3
3100000US10740,10740,2008,44.8,43.6,2.5,5.3,1.9,0,.3,1.6
3100000US10740,10740,2009,45.5,42.8,2.6,5.3,1.9,.1,.3,1.6
310M100US10740,10740,2010,46.9,42,2.3,5.1,1.8,0,.2,1.6
310M100US10740,10740,2011,47,41.9,2.2,5.1,1.6,0,.2,2
310M100US10740,10740,2012,47.4,41.4,2.4,5.1,1.8,0,.3,1.6
310M200US10740,10740,2013,47.9,40.8,2.3,4.8,2,0,.2,2
310M200US10740,10740,2014,47.9,40.5,2.2,5.5,2,0,.4,1.5
310M200US10740,10740,2015,48.3,40,2.4,5.3,1.9,.1,.2,1.9
310M300US10740,10740,2016,48.6,39.6,2.3,5.3,2.2,.1,.3,1.8
3100000US10780,10780,2006,1.941959993900296,66.15791602299323,29.11216161562585,.754506819070856,.818155900468749,.051714878635788,.3321686435452538,.8314161257599767
3100000US10780,10780,2007,2,66.2,29,.7,1,0,.2,1.1
3100000US10780,10780,2008,2.3,65.40000000000001,29,.7,.6,0,.5,1.5
3100000US10780,10780,2009,2.4,65.8,28.6,.4,1,0,.1,1.8
310M100US10780,10780,2010,3,64.5,29.8,.8,1,.1,0,.9
310M100US10780,10780,2011,3.2,64.09999999999999,29.5,.5,1.1,.1,.1,1.5
310M100US10780,10780,2012,3,63.8,29.7,.7,1.2,.1,.1,1.4
310M200US10780,10780,2013,3.3,63.9,29.4,.8,1.4,0,.1,1.2
310M200US10780,10780,2014,3.2,63.6,29.4,.4,1.4,0,0,2
310M200US10780,10780,2015,3.3,63.5,30.8,.4,.4,0,.1,1.6
310M300US10780,10780,2016,3.4,63.4,29.2,.5,1.5,0,0,1.9
3100000US10880,10880,2006,6.414040404930353,89.88907586717298,1.457255883208078,.4387626540735324,.6969101593818557,0,.1806151487652091,.9233398824679958
3100000US10880,10880,2007,6.5,90.09999999999999,.8,.3,.8,.1,0,1.5
3100000US10880,10880,2008,6.7,89.3,1.3,.3,.5,0,.5,1.5
3100000US10880,10880,2009,6.7,89.3,1.2,.5,.7,0,.4,1.2
310M100US10880,10880,2010,6.7,89.59999999999999,1,.7,.6,0,0,1.4
310M100US10880,10880,2011,6.8,89.40000000000001,1.5,.6,.8,0,.1,.9
310M100US10880,10880,2012,6.9,89.3,1.3,.5,.9,0,.1,1.1
3100000US10900,10900,2006,10.05952499950021,82.71301053557507,3.730933008136582,.0449811079346674,2.261924991503568,.0168679154755003,.171053157673777,1.001704284200636
3100000US10900,10900,2007,10.6,82,3.6,.1,2.4,0,.2,1.1
3100000US10900,10900,2008,11.3,80.90000000000001,3.9,0,2.3,0,.4,1.1
3100000US10900,10900,2009,11.9,80.3,4,.1,2.5,0,.1,1.1
310M100US10900,10900,2010,13,78.5,4.2,.1,2.6,0,.1,1.5
310M100US10900,10900,2011,13.5,77.8,4,.1,2.5,0,.2,1.9
310M100US10900,10900,2012,14.1,77,4.5,.1,2.7,0,.2,1.5
310M200US10900,10900,2013,14.5,76.40000000000001,4.6,0,2.7,0,.2,1.5
310M200US10900,10900,2014,15,75.59999999999999,4.6,.1,2.6,0,.3,1.8
310M200US10900,10900,2015,15.6,74.7,4.5,.1,3,0,.1,2
310M300US10900,10900,2016,16.3,74,5,.1,2.8,0,.2,1.6
3100000US11020,11020,2006,.6237449997628346,96.62908912675699,1.348680569829399,.1209543535661771,.6095150758138725,.0418992205163881,0,.6261166537543282
3100000US11020,11020,2007,.7,96.40000000000001,1,.1,.6,0,0,1.2
3100000US11020,11020,2008,.7,96.3,1.7,0,.6,0,0,.7
3100000US11020,11020,2009,.8,96.2,1.7,.1,.6,0,0,.6
310M100US11020,11020,2010,1,95.59999999999999,1.6,0,.7,0,0,1
310M100US11020,11020,2011,1,95.3,1.7,.1,.7,0,0,1.1
310M100US11020,11020,2012,1,95.40000000000001,1.2,.1,.7,0,0,1.6
310M200US11020,11020,2013,1.1,95.2,1.9,0,.2,0,0,1.6
310M200US11020,11020,2014,1.2,,,,,,,
310M200US11020,11020,2015,1.2,94.7,1.2,0,.8,0,0,2.1
310M300US11020,11020,2016,1.2,94.59999999999999,1.9,0,.7,.2,.3,1.1
3100000US11100,11100,2006,22.64991845830169,67.64060237114128,5.632809225623596,.2913092733452015,1.988538515484623,.0883887111432022,.3000236533170665,1.408409791643324
3100000US11100,11100,2007,23.2,67.3,5.9,.5,1.8,.1,.1,1.2
3100000US11100,11100,2008,23.9,66.40000000000001,6,.7,2,.1,.1,.8
3100000US11100,11100,2009,24.9,65.09999999999999,5.7,.6,2.1,0,.1,1.4
310M100US11100,11100,2010,25.4,64.40000000000001,5.6,.5,2.4,.2,.1,1.5
310M100US11100,11100,2011,26.3,63.2,5.7,.4,2.4,.1,0,1.9
310M100US11100,11100,2012,26.4,63,5.2,.6,2.8,.3,.1,1.7
310M200US11100,11100,2013,26.8,62.5,5.6,.4,2.7,0,0,1.9
310M200US11100,11100,2014,27.4,61.4,5.5,.4,3,.2,.3,1.8
310M200US11100,11100,2015,28.1,60.7,4.9,.2,3.2,.2,0,2.7
310M300US11100,11100,2016,28.4,60.4,5.9,.3,3,.1,0,2
3100000US11180,11180,2006,1.957701665730863,88.6056522552873,1.506020338137126,.0611391852267765,6.404641587123338,0,.6625491297024144,.8022958387921891
3100000US11180,11180,2007,2.1,87.8,1.8,0,5.9,0,.5,2
3100000US11180,11180,2008,2.2,88.5,2.5,.1,6.2,0,.1,.4
3100000US11180,11180,2009,2.2,88.8,2,0,5.9,0,0,1.1
310M100US11180,11180,2010,3.1,86.90000000000001,2.7,.1,6.2,0,0,.8
310M100US11180,11180,2011,3.1,86.5,2.8,.1,6.6,0,0,.9
310M100US11180,11180,2012,3.1,86.40000000000001,2.8,.1,5.7,0,0,1.8
310M200US11180,11180,2013,3.2,86.2,1.8,0,7,0,0,1.8
310M200US11180,11180,2014,3.1,85.5,1.9,.1,5.8,.1,0,3.4
310M200US11180,11180,2015,3.1,84.7,.8,.7,8.800000000000001,0,0,1.9
310M300US11180,11180,2016,3.3,83.90000000000001,1.4,.2,8.699999999999999,0,0,2.6
3100000US11260,11260,2006,6.503702878779443,70.8822874324851,4.23826493680049,4.782003452308035,4.875828275516454,.7673033019655883,.0673756890695473,7.883234033075339
3100000US11260,11260,2007,6.9,70.09999999999999,4.8,5.4,4.9,.8,.1,6.9
3100000US11260,11260,2008,7.1,69.7,4.6,4.8,5,.9,.1,7.8
3100000US11260,11260,2009,7.4,69.09999999999999,5,4.8,5.9,1,.1,6.7
310M100US11260,11260,2010,6.7,67.3,4.5,6.6,6.1,1.6,.1,7
310M100US11260,11260,2011,6.9,66.8,4,5.9,6.5,1.6,.1,8.1
310M100US11260,11260,2012,7.2,65.90000000000001,4.6,6.1,7.3,1.5,.1,7.1
310M200US11260,11260,2013,7.6,65.40000000000001,4.7,6.5,6.5,1.7,.1,7.5
310M200US11260,11260,2014,7.9,64.5,4.3,6.3,7.4,1.7,.2,7.7
310M200US11260,11260,2015,8,63.9,4.7,5.9,7.4,1.4,.5,8.199999999999999
310M300US11260,11260,2016,7.9,63.9,3.9,6.8,6.8,1.9,.2,8.6
3100000US11300,11300,2006,2.197970515029676,88.00919012062033,8.574382538770822,.035228795711277,.2190312081179399,0,.1194715680643308,.8447252536856212
3100000US11300,11300,2007,2.2,87.7,6.9,.3,.2,0,.2,2.6
3100000US11300,11300,2008,2.3,87.59999999999999,6.7,.2,.4,0,0,2.8
3100000US11300,11300,2009,2.6,87,6.5,0,.5,0,.3,3.2
310M100US11300,11300,2010,3.2,86.3,6.4,0,.5,0,.1,3.4
310M100US11300,11300,2011,3.4,86.09999999999999,6.3,.1,.2,0,.3,3.5
310M100US11300,11300,2012,3.4,86.09999999999999,8.300000000000001,0,.5,0,.1,1.6
3100000US11340,11340,2006,1.784078712990902,79.9913465158488,15.5318802222934,.1994796671218174,.6186679253552705,0,0,1.874546956389811
3100000US11340,11340,2007,2,79.5,15.1,.2,.6,0,.2,2.4
3100000US11340,11340,2008,2.2,79.3,16,.1,.8,0,.1,1.5
3100000US11340,11340,2009,2.3,79,15.9,.2,.8,0,.2,1.6
310M100US11340,11340,2010,3,78.8,16.3,0,.6,0,0,1.3
310M100US11340,11340,2011,3.1,78.2,15.9,.2,.9,0,.1,1.5
310M100US11340,11340,2012,3.2,78.09999999999999,16.5,.2,.8,0,.1,1.1
3100000US11460,11460,2006,3.192877717288626,73.82654114118129,12.21838876665107,.2368862393800847,8.086976488677418,.0476679058384465,.1650937226599854,2.225568018323078
3100000US11460,11460,2007,3.4,73.59999999999999,12.3,.2,8.300000000000001,0,.2,2
3100000US11460,11460,2008,3.4,73.7,11.3,.2,8.1,.1,.2,2.9
3100000US11460,11460,2009,3.5,73.90000000000001,11.2,.1,7.6,0,.2,3.5
310M100US11460,11460,2010,4,72.09999999999999,11.9,.3,7.9,0,.1,3.6
310M100US11460,11460,2011,4.2,71.59999999999999,11.8,.2,7.6,0,.1,4.4
310M100US11460,11460,2012,4.3,71.5,12.2,.1,8.199999999999999,0,.2,3.5
310M200US11460,11460,2013,4.4,71.3,12.1,.2,8.1,0,.3,3.7
310M200US11460,11460,2014,4.4,70.8,11.4,.1,8.800000000000001,.1,.2,4.1
310M200US11460,11460,2015,4.6,70.2,12.2,.2,8.9,.1,.4,3.4
310M300US11460,11460,2016,4.6,70.5,11.8,.3,8.5,0,.2,4.1
3100000US11500,11500,2006,2.124832821094214,76.16538090219038,19.78423956847914,.59785833857382,.6456870056597256,0,0,.682001364002728
3100000US11500,11500,2007,2.3,75.8,19.6,.2,.7,0,.1,1.4
3100000US11500,11500,2008,2.3,75.5,19.8,.4,.6,0,.2,1.1
3100000US11500,11500,2009,2.6,75.2,19.5,.5,.6,.1,0,1.4
310M100US11500,11500,2010,3.4,73.59999999999999,21,.3,.6,0,0,1.1
310M100US11500,11500,2011,3.4,,,,,,,
310M100US11500,11500,2012,3.5,73.2,20.8,.3,.8,0,0,1.4
310M200US11500,11500,2013,3.5,73.09999999999999,20.9,.1,1,0,.1,1.4
310M200US11500,11500,2014,3.5,72.90000000000001,20.9,.2,.4,0,0,2.1
310M200US11500,11500,2015,3.6,72.5,19.5,.2,1.1,0,.1,3.2
310M300US11500,11500,2016,3.6,72.59999999999999,21,.2,.9,0,0,1.6
3100000US11540,11540,2006,2.119523452347536,92.4196895721839,.7003722740931284,1.314233386865949,2.639970917524492,0,.0556800559561554,.7505303410288386
3100000US11540,11540,2007,2.5,92.3,.6,1.2,2.2,0,.1,1.1
3100000US11540,11540,2008,2.7,92,.5,1.2,2.5,0,0,1.1
3100000US11540,11540,2009,2.8,91.5,1,1.2,2.7,0,.1,.8
310M100US11540,11540,2010,3.6,90.3,.4,1.3,2.8,0,0,1.7
310M100US11540,11540,2011,3.7,90,.8,1.4,2.9,0,0,1.2
310M100US11540,11540,2012,3.8,89.7,1.1,1.2,2.8,0,.1,1.3
310M200US11540,11540,2013,3.9,89.3,.9,1.4,3.2,0,.1,1.1
310M200US11540,11540,2014,4,89,1.2,1.3,2.6,0,0,1.8
310M200US11540,11540,2015,4.1,88.40000000000001,1.1,1.5,3.3,0,.4,1.2
310M300US11540,11540,2016,4.2,88.7,1.2,1.4,3.1,0,0,1.4
310M200US11640,11640,2013,99.5,,,,,,,
310M200US11640,11640,2014,99.59999999999999,,,,,,,
310M200US11640,11640,2015,98.90000000000001,,,,,,,
310M300US11640,11640,2016,99.59999999999999,,,,,,,
3100000US11700,11700,2006,4.704032388336968,88.10854333252564,5.130088441967531,.3258521121072612,.7554418059930539,.0277643162910912,.0295311364187061,.9187464663597447
3100000US11700,11700,2007,4.8,88,5.2,.2,.8,0,0,.9
3100000US11700,11700,2008,5,87.90000000000001,4.9,.3,.7,.1,0,1.1
3100000US11700,11700,2009,5.3,87.3,4.8,.4,.8,0,0,1.3
310M100US11700,11700,2010,6.5,86,4.3,.3,1,.1,.2,1.6
310M100US11700,11700,2011,6.5,86,4.7,.5,1,0,0,1.3
310M100US11700,11700,2012,6.6,85.90000000000001,4.2,.2,1,0,.1,2
310M200US11700,11700,2013,6.7,85.59999999999999,4.3,.3,.8,0,.1,2.2
310M200US11700,11700,2014,6.7,85.5,4.7,.2,1.1,.2,.1,1.4
310M200US11700,11700,2015,6.9,84.90000000000001,4.6,.4,1,0,.4,1.8
310M300US11700,11700,2016,6.7,85.40000000000001,4.8,.3,1.2,.1,0,1.5
3100000US11780,11780,2006,2.72241317196187,92.28552233138274,3.232622221356728,.3076833198640741,.1723416063795605,0,0,1.279417349055042
3100000US11780,11780,2007,3,92,3.1,0,.5,0,.2,1.1
3100000US11780,11780,2008,,,,,,,,
3100000US11780,11780,2009,3.5,,,,,,,
310M100US11780,11780,2010,3.4,90.8,3.2,.2,.3,0,.1,2.1
310M100US11780,11780,2011,3.5,90.5,4.3,.1,.6,0,0,1
310M100US11780,11780,2012,3.5,90.40000000000001,3.5,.2,.2,0,.1,2.2
310M200US11780,11780,2013,3.7,90.3,2.8,.1,.4,0,0,2.9
310M200US11780,11780,2014,3.8,89.90000000000001,3.4,.1,.1,.2,.2,2.2
310M200US11780,11780,2015,4.1,89.8,3.9,.1,.6,0,0,1.5
310M300US11780,11780,2016,4.1,,,,,,,
310M200US11900,11900,2015,1.6,89.59999999999999,2.9,.1,4.4,0,0,1.3
310M300US11900,11900,2016,1.9,89.40000000000001,3.1,0,1.9,0,0,3.7
3100000US11980,11980,2006,,,,,,,,
3100000US11980,11980,2007,9.5,82.09999999999999,6.5,.6,.1,.2,.1,1
3100000US11980,11980,2008,10,81.7,7.2,.3,.3,0,0,.6
3100000US11980,11980,2009,10.3,81.40000000000001,6.5,.8,.1,0,0,.8
310M100US11980,11980,2010,10.9,80.90000000000001,7,.4,0,0,0,.7
310M100US11980,11980,2011,11.5,79.90000000000001,5.8,0,.4,.1,.5,1.8
310M100US11980,11980,2012,11.6,79.8,6.4,.4,.9,0,0,1
310M200US11980,11980,2013,11.8,,,,,,,
310M200US11980,11980,2014,12,79.09999999999999,7,.2,.7,.1,0,1
310M200US11980,11980,2015,12,78.7,7.1,.5,.7,.1,0,.8
310M300US11980,11980,2016,12.2,78.59999999999999,6,.8,.1,.3,.1,2
3100000US12020,12020,2006,6.306490403508497,70.30877490817444,18.88541322812037,.2153512425923888,2.981907351808479,0,.2667002006801117,1.035362665115718
3100000US12020,12020,2007,7.2,70.40000000000001,19.5,0,2.5,0,.1,.4
3100000US12020,12020,2008,8.6,69.40000000000001,17.7,.1,2.2,0,.1,1.8
3100000US12020,12020,2009,7.1,70.5,18.6,.3,2.1,0,.2,1.2
310M100US12020,12020,2010,8.1,66.8,19.9,0,3.2,0,0,2
310M100US12020,12020,2011,8,67.5,18.8,.2,3.5,0,0,2
310M100US12020,12020,2012,8.4,67.2,19.6,.1,3,0,.3,1.5
310M200US12020,12020,2013,7.9,67.09999999999999,19.5,.2,3.5,0,.1,1.7
310M200US12020,12020,2014,8.300000000000001,66.8,19.4,.1,3.7,0,.2,1.6
310M200US12020,12020,2015,8.300000000000001,65.8,21.4,.2,2.7,0,.2,1.5
310M300US12020,12020,2016,8.699999999999999,66.8,19.4,.2,3.3,0,.3,1.4
3100000US12060,12060,2006,9.102818746566371,54.3654942840823,30.95569489476951,.1480076130442225,4.051883679258934,.0268555918931556,.3573994361299437,.9918457542555597
3100000US12060,12060,2007,9.300000000000001,53.8,31.1,.2,4.1,.1,.4,1
3100000US12060,12060,2008,9.6,53.2,31.2,.2,4.2,0,.4,1.2
3100000US12060,12060,2009,10,52.7,31,.2,4.3,.1,.3,1.5
310M100US12060,12060,2010,10.4,50.7,32.1,.1,4.8,0,.2,1.6
310M100US12060,12060,2011,10.6,50.4,32,.2,4.8,.1,.2,1.8
310M100US12060,12060,2012,10.6,50,32.3,.2,5,0,.2,1.7
310M200US12060,12060,2013,10.5,49.4,32.3,.2,5.2,0,.4,1.9
310M200US12060,12060,2014,10.4,49,32.9,.1,5.4,.1,.2,1.7
310M200US12060,12060,2015,10.6,48.3,33.1,.1,5.5,0,.4,1.9
310M300US12060,12060,2016,10.5,47.7,33.4,.1,5.7,0,.4,2.1
3100000US12100,12100,2006,14.21692069803402,61.56505411972609,16.11663353214049,.0813636698328547,6.615860393196376,.0147264560783447,.3468080406450188,1.042633090346808
3100000US12100,12100,2007,14.4,61.1,16.2,0,6.5,0,.5,1.3
3100000US12100,12100,2008,14.9,61.1,15.7,.1,6.3,0,.3,1.7
3100000US12100,12100,2009,15.3,60.7,15.2,.2,6.5,0,.2,1.9
310M100US12100,12100,2010,16.9,58.3,15.2,.2,7.6,.3,.3,1.2
310M100US12100,12100,2011,17.3,58,14.5,.2,7.7,0,.6,1.6
310M100US12100,12100,2012,17.7,57.6,14.9,.2,7.5,0,.4,1.6
310M200US12100,12100,2013,18.2,57,14.1,.1,8.1,0,.1,2.3
310M200US12100,12100,2014,18.5,56.7,14.5,.1,8.300000000000001,0,.1,1.8
310M200US12100,12100,2015,18.7,56.3,14,.2,8,0,0,2.6
310M300US12100,12100,2016,18.8,56.2,14.6,.3,8.300000000000001,0,.1,1.7
3100000US12180,12180,2006,2.070332213236833,92.11132035990794,3.538766416798986,.3507994534913778,.5809731299927379,0,.168629912730943,1.179178513841193
3100000US12180,12180,2007,2.2,87.90000000000001,6.2,.8,.4,0,.1,2.4
3100000US12180,12180,2008,2.3,91.8,3.5,.4,.5,0,0,1.5
3100000US12180,12180,2009,3,91.59999999999999,3.7,.4,.1,0,.1,1.1
310M100US12180,12180,2010,2.4,91.40000000000001,3.2,.3,2.1,0,0,.6
310M100US12180,12180,2011,2.5,91,4.2,.2,.2,0,0,1.9
310M100US12180,12180,2012,2.5,91.09999999999999,3.9,.2,.5,0,0,1.8
310M200US12180,12180,2013,2.6,90.90000000000001,4.1,.3,.6,0,.1,1.6
310M200US12180,12180,2014,2.8,90.2,4.3,.3,.2,0,.5,1.6
310M200US12180,12180,2015,3,90.2,4.4,.1,.3,0,0,1.9
310M300US12180,12180,2016,2.9,90.2,4.1,.2,.5,0,0,2.1
3100000US12220,12220,2006,1.779283039568774,71.69286299202582,23.15453049347676,.118459862777367,1.912053489795756,0,.3983113506809455,.9444987716745772
3100000US12220,12220,2007,2,72,22.5,.3,1.8,.5,0,1
3100000US12220,12220,2008,2.1,71.8,23.1,.3,2,0,0,.7
3100000US12220,12220,2009,2.2,70.90000000000001,22.5,.2,2,0,.3,1.9
310M100US12220,12220,2010,3.3,69.8,23.2,.1,2.6,.1,0,.9
310M100US12220,12220,2011,3.4,69.59999999999999,22.9,0,2.8,0,0,1.3
310M100US12220,12220,2012,3.6,68.90000000000001,22.7,.3,2.7,.2,.2,1.4
310M200US12220,12220,2013,3.9,67.90000000000001,23.6,0,3.1,0,.5,1
310M200US12220,12220,2014,3.9,67.40000000000001,23.2,.1,3.3,0,.3,1.7
310M200US12220,12220,2015,3.9,67.3,23.3,.1,3.6,0,.1,1.7
310M300US12220,12220,2016,3.8,67.3,23.4,0,4,0,.3,1.3
3100000US12260,12260,2006,2.584168051224497,58.8322680682407,34.76008114241795,.2095478088296869,1.495896036754992,.2030472381178171,.3686205980142668,1.546371056400099
3100000US12260,12260,2007,2.8,58.2,35.2,.2,1.7,0,.4,1.5
3100000US12260,12260,2008,3,58,35.6,.3,1.5,0,.3,1.2
3100000US12260,12260,2009,3.2,58.6,34.7,.2,1.6,0,.1,1.6
310M100US12260,12260,2010,4.6,56.4,35.3,.2,1.8,.1,.1,1.6
310M100US12260,12260,2011,4.7,55.5,36.1,.1,1.9,.1,.1,1.5
310M100US12260,12260,2012,4.8,55.7,35.4,.3,1.8,0,.2,1.8
310M200US12260,12260,2013,4.8,55.7,35.3,.1,1.9,.1,.1,2
310M200US12260,12260,2014,5,55.4,35.7,.2,1.8,0,.2,1.7
310M200US12260,12260,2015,5.3,55.5,34.8,.1,1.7,0,.4,2.2
310M300US12260,12260,2016,5.5,55.1,34.9,.3,2.1,.3,.2,1.7
3100000US12300,12300,2006,.9341857468530083,96.63329699012125,.531106485611392,.3849076552020352,.7384279908811577,0,0,.7780751313311528
3100000US12300,12300,2007,1.1,96.2,.6,.4,.6,0,.2,.9
3100000US12300,12300,2008,1.2,96,.4,.3,.4,.1,.1,1.6
3100000US12300,12300,2009,1.2,95.8,.7,.1,1,0,0,1.1
310M100US12300,12300,2010,1.2,95.5,.8,.4,.9,.1,0,1.1
310M100US12300,12300,2011,1.3,95.40000000000001,.5,1,.3,0,0,1.4
310M100US12300,12300,2012,1.3,95.2,.3,.7,.7,0,0,1.7
310M200US12300,12300,2013,1.4,95.2,.5,.7,.5,0,0,1.8
310M200US12300,12300,2014,1.5,94.90000000000001,.8,.6,1,0,0,1.2
310M200US12300,12300,2015,1.5,94.90000000000001,.9,.7,.9,.1,0,1.1
310M300US12300,12300,2016,1.5,94.8,.7,.5,1.1,.2,0,1.3
3100000US12420,12420,2006,29.34756127918748,57.00781651924258,7.391274042849794,.2711054317340724,4.346515757505352,.0176576995203877,.302836185007551,1.315233084952786
3100000US12420,12420,2007,29.9,56.4,7.4,.3,4.3,.1,.3,1.4
3100000US12420,12420,2008,30.2,56.3,7.2,.2,4.4,0,.3,1.4
3100000US12420,12420,2009,30.7,55.8,7.3,.3,4.4,0,.2,1.3
310M100US12420,12420,2010,31.5,54.5,7.1,.3,4.8,0,.1,1.7
310M100US12420,12420,2011,31.8,54.1,7.1,.2,4.7,0,.1,1.8
310M100US12420,12420,2012,31.9,53.9,7.1,.2,4.8,0,.1,2
310M200US12420,12420,2013,31.9,53.7,6.9,.2,4.9,0,.1,2.2
310M200US12420,12420,2014,32,53.2,7.2,.2,5.2,0,.2,1.9
310M200US12420,12420,2015,32.2,52.9,7.1,.2,5.5,0,.2,2
310M300US12420,12420,2016,32.2,52.6,7,.2,5.6,0,.2,2.2
3100000US12540,12540,2006,45.17463406130106,42.68346927448062,5.304204369344599,.5492765828715437,3.810710444715344,.1320314773296826,.2290682038719833,2.116605586085164
3100000US12540,12540,2007,46.3,41.6,5.6,.7,3.8,.1,.4,1.7
3100000US12540,12540,2008,47.1,41,5.4,.5,3.6,.1,.2,2.2
3100000US12540,12540,2009,47.9,40,5.5,.6,3.6,.1,.2,2.1
310M100US12540,12540,2010,49.3,38.4,5.4,.8,3.7,.1,.2,2.1
310M100US12540,12540,2011,50,37.8,5.5,.7,4.1,.1,.1,1.6
310M100US12540,12540,2012,50.3,37.4,5.1,.7,4.5,.2,.1,1.7
310M200US12540,12540,2013,50.9,36.8,5.3,.6,4.4,.1,.1,1.8
310M200US12540,12540,2014,51.5,36,4.9,.4,4.4,.1,.1,2.5
310M200US12540,12540,2015,52.2,35.4,5.4,.4,4.5,.1,0,2
310M300US12540,12540,2016,52.8,34.6,5,.5,4.5,.2,.1,2.3
3100000US12580,12580,2006,2.849641044159938,63.27606215004862,28.13134191366628,.1964711923126837,3.650233880842084,.0305070145444355,.2300251466574882,1.635717657768474
3100000US12580,12580,2007,3.1,62.7,28.4,.2,3.8,0,.3,1.6
3100000US12580,12580,2008,3.3,62.4,28.4,.2,3.8,0,.2,1.7
3100000US12580,12580,2009,3.7,61.8,28.2,.2,3.8,0,.4,1.9
310M100US12580,12580,2010,4.6,59.9,28.4,.2,4.6,0,.2,2.1
310M100US12580,12580,2011,4.7,59.5,28.4,.2,4.6,.1,.3,2.3
310M100US12580,12580,2012,4.9,59.2,28.4,.2,4.8,.1,.2,2.3
310M200US12580,12580,2013,5.1,58.7,28.6,.2,5,0,.2,2.2
310M200US12580,12580,2014,5.3,58,28.7,.2,5.3,0,.3,2.2
310M200US12580,12580,2015,5.5,57.5,28.5,.2,5.6,0,.3,2.4
310M300US12580,12580,2016,5.6,57,28.8,.2,5.4,0,.3,2.6
3100000US12620,12620,2006,.8588123386329664,95.7732028808262,.5795624405489876,.6250849300176654,1.038863976083707,0,0,1.124473433890474
3100000US12620,12620,2007,.5,95.40000000000001,.6,.8,1.6,0,0,1
3100000US12620,12620,2008,.3,95.40000000000001,.4,1.4,1,0,0,1.5
3100000US12620,12620,2009,1.1,95.09999999999999,.9,.7,1.2,0,0,1
310M100US12620,12620,2010,1.1,94.7,.5,.9,.8,0,0,2.1
310M100US12620,12620,2011,1.1,94.5,.8,1.2,.8,0,.1,1.5
310M100US12620,12620,2012,1.2,94.40000000000001,.9,1.2,1.1,0,0,1.2
310M200US12620,12620,2013,1.2,94.3,.7,1.2,1,0,0,1.5
310M200US12620,12620,2014,1.3,93.90000000000001,1,.9,1.4,0,.2,1.3
310M200US12620,12620,2015,1.3,94,.8,.9,1,.1,0,2
310M300US12620,12620,2016,1.3,94,.5,1,.9,0,0,2.3
3100000US12700,12700,2006,1.698277702654615,93.30207814390434,2.172443242473845,.6520888193011174,1.024838089815671,.0515977510497474,.3482848195857946,.7503914312148602
3100000US12700,12700,2007,1.7,93.09999999999999,1.7,.3,1,0,.3,1.8
3100000US12700,12700,2008,1.8,92.59999999999999,1.8,.5,1.1,0,.6,1.6
3100000US12700,12700,2009,1.9,92.8,1.6,.2,.8,0,.3,2.3
310M100US12700,12700,2010,2.2,92.09999999999999,2.3,.4,1.2,0,.4,1.3
310M100US12700,12700,2011,2.3,91.8,2.3,.6,1.3,0,.6,1.1
310M100US12700,12700,2012,2.4,91.3,2.3,.3,1.4,0,.8,1.5
310M200US12700,12700,2013,2.6,91.2,2.7,.5,1.3,0,.6,1.2
310M200US12700,12700,2014,2.7,91,2.7,.4,1.6,0,.3,1.4
310M200US12700,12700,2015,2.8,90.3,2.6,.2,1.6,0,.7,1.7
310M300US12700,12700,2016,2.9,89.5,2.4,.4,1.4,.4,1.1,1.9
3100000US12940,12940,2006,2.376102214365658,58.85445540411912,35.89034862922711,.228810811376212,1.556044266393314,.0028764787715867,.1810874135748878,.9102747821721077
3100000US12940,12940,2007,2.5,59.1,35.4,.2,1.5,0,.1,1.2
3100000US12940,12940,2008,2.6,59.2,35.5,.3,1.6,0,.1,.6
3100000US12940,12940,2009,2.9,59.1,35.2,.1,1.6,0,.1,1
310M100US12940,12940,2010,3.5,58.1,35.4,.2,1.7,0,.2,1
310M100US12940,12940,2011,3.6,57.7,35,.2,1.9,.1,.3,1.3
310M100US12940,12940,2012,3.6,57.5,35.7,.2,1.8,0,.1,1.2
310M200US12940,12940,2013,3.6,57.4,35.6,.2,1.9,0,0,1.2
310M200US12940,12940,2014,3.7,57,35.8,.2,2,0,.1,1.1
310M200US12940,12940,2015,3.8,56.9,34.7,.1,2,0,.2,2.2
310M300US12940,12940,2016,3.9,56.9,34.9,.2,1.9,0,0,2.1
3100000US12980,12980,2006,3.569798030306325,81.929980940786,10.31444079686356,.4580008841156307,1.576914436448754,.1949402497264315,.3456747179163859,1.610249943836917
3100000US12980,12980,2007,3.8,81.90000000000001,10.8,.8,1.5,0,0,1.2
3100000US12980,12980,2008,4,81.59999999999999,10.2,.5,1.7,0,0,2.1
3100000US12980,12980,2009,4.2,81.3,10.4,.2,1.5,0,0,2.5
310M100US12980,12980,2010,4.6,79.90000000000001,9.5,.8,1.7,0,0,3.7
310M100US12980,12980,2011,4.6,79.8,11.2,.3,1.6,0,0,2.5
310M100US12980,12980,2012,4.6,79.40000000000001,11,.7,1.7,0,.2,2.4
310M200US12980,12980,2013,4.7,79,10.4,.4,1.9,0,.2,3.3
310M200US12980,12980,2014,4.8,79,10.7,.9,2.2,0,0,2.4
310M200US12980,12980,2015,4.8,78.59999999999999,10.3,.9,2,.1,0,3.2
310M300US12980,12980,2016,5,77.90000000000001,10.4,.4,2,0,.1,4.2
3100000US13020,13020,2006,4.090783282590644,92.27511763077774,2.194851923609189,.2555586308700065,.1965125934126765,0,0,.9871759387397362
3100000US13020,13020,2007,4.1,92.2,1.4,.5,.6,0,0,1.2
3100000US13020,13020,2008,4.2,91.7,1.5,.1,.7,0,.1,1.7
3100000US13020,13020,2009,4.4,91.8,1.1,.4,.7,.1,0,1.5
310M100US13020,13020,2010,4.7,91.2,.8,.3,.5,0,0,2.4
310M100US13020,13020,2011,4.7,91,1.3,.2,.5,0,0,2.1
310M100US13020,13020,2012,4.9,90.90000000000001,1.3,.2,.4,.1,0,2.3
310M200US13020,13020,2013,4.9,90.59999999999999,1.3,.3,.6,0,.1,2.1
310M200US13020,13020,2014,5,90.40000000000001,1.3,.2,.5,0,0,2.5
310M200US13020,13020,2015,5.1,90.2,1.6,.1,.7,0,0,2.3
310M300US13020,13020,2016,5.2,90.09999999999999,2.2,.2,.3,0,.1,1.9
3100000US13140,13140,2006,9.863962639225116,61.99269785872495,24.42151782107906,.2201730232607255,2.164770732299699,.0786709363689403,.3313155206141613,.9268914684273469
3100000US13140,13140,2007,10.5,61,25.3,.3,2,.2,0,.8
3100000US13140,13140,2008,11,60.3,25.5,.3,2,0,.2,.8
3100000US13140,13140,2009,11.8,59.7,25.2,.3,2.2,.1,0,.8
310M100US13140,13140,2010,12.9,59,24.3,.2,2.4,.1,0,1.1
310M100US13140,13140,2011,13.4,58,24.5,.4,2.5,0,.3,.8
310M100US13140,13140,2012,13.8,57.9,23.4,.3,2.9,0,0,1.6
310M200US13140,13140,2013,13.7,58.4,23.9,.1,2.6,.1,.1,1.2
310M200US13140,13140,2014,14.1,57.3,24.6,.2,2.5,0,.1,1.2
310M200US13140,13140,2015,14.6,57.2,23.9,.2,2.4,0,0,1.6
310M300US13140,13140,2016,14.8,56.9,24.3,.3,2.8,0,.1,.8
3100000US13180,13180,2006,3.159030376588787,91.51186181630199,2.87695402492611,.6495622759403481,.2202667925334053,0,.1595810435701201,1.42274367013924
3100000US13180,13180,2007,3.3,92.5,2.8,.3,.3,0,.1,.8
3100000US13180,13180,2008,3.4,92.2,2.5,.2,.9,0,0,.8
3100000US13180,13180,2009,3.7,91.90000000000001,2.9,.4,.4,0,0,.6
310M100US13180,13180,2010,4,91.59999999999999,2.7,.2,.7,0,0,.8
310M100US13180,13180,2011,4,91.40000000000001,2.2,.2,.4,0,0,1.7
310M100US13180,13180,2012,4.2,91.3,2.9,.4,.7,0,0,.5
310M200US13180,13180,2013,4.4,90.90000000000001,1.9,.8,.9,0,0,1.2
310M200US13180,13180,2014,4.6,90.40000000000001,1.8,.3,.5,0,.1,2.4
310M200US13180,13180,2015,4.6,90.3,2.2,.6,.8,0,0,1.5
310M300US13180,13180,2016,4.7,92.40000000000001,1.8,.1,.1,0,0,.9
3100000US13220,13220,2006,.3329045925701747,89.06711053945676,7.858565988247459,.267332475851807,.1992383546442713,0,.0466570830496078,2.22819096617992
3100000US13220,13220,2007,.6,88.8,8.800000000000001,.4,1,0,0,.3
3100000US13220,13220,2008,,,,,,,,
3100000US13220,13220,2009,.6,88.5,8.300000000000001,.3,.8,.1,.1,1.2
310M100US13220,13220,2010,.7,87.90000000000001,9.199999999999999,.7,1.1,0,0,.4
310M100US13220,13220,2011,1.3,87.09999999999999,8.800000000000001,.1,1,0,.9,.8
310M100US13220,13220,2012,.8,87.7,9.1,0,1,0,0,1.3
310M200US13220,13220,2013,1.1,89,7.8,.1,.3,.3,.6,.9
310M200US13220,13220,2014,1.3,89.3,7.6,.2,.3,0,.1,1.2
310M200US13220,13220,2015,1.1,89.2,7.9,.4,.9,0,0,.4
310M300US13220,13220,2016,1.2,88.59999999999999,6.4,.2,.5,0,.7,2.5
3100000US13380,13380,2006,6.189736116115363,84.61170295719886,1.110495662882556,2.515689448409006,3.696633020171764,.0537770296795427,.2172591999053524,1.604706565637554
3100000US13380,13380,2007,6.4,84.3,1,2.6,3.6,.1,.2,1.8
3100000US13380,13380,2008,6.7,83.8,.8,2.5,3.7,.1,.1,2.4
3100000US13380,13380,2009,7.2,83.09999999999999,.7,2.2,3.4,.2,.2,2.9
310M100US13380,13380,2010,7.8,81.8,1,2.6,3.6,.1,.1,2.8
310M100US13380,13380,2011,8.199999999999999,81,1.1,2.1,4.3,0,.2,3.1
310M100US13380,13380,2012,8.4,80.90000000000001,.9,2.8,3.7,.3,0,3
310M200US13380,13380,2013,8.6,80.40000000000001,.8,2.6,4.3,.2,0,3.1
310M200US13380,13380,2014,8.9,79.8,.8,2.6,3.9,.3,.1,3.5
310M200US13380,13380,2015,9.199999999999999,79.3,.6,2.8,4,.3,.1,3.6
310M300US13380,13380,2016,9.199999999999999,79.40000000000001,1.2,2.5,4.3,.2,.1,3.1
3100000US13460,13460,2006,5.376827142282419,90.76974654686872,.0603459836395333,.9574896070805954,.9380447901300791,.1428188279468955,.0395601448303607,1.715166957221403
3100000US13460,13460,2007,5.9,90,.1,.8,2,.1,0,1.2
3100000US13460,13460,2008,6.5,89.40000000000001,.4,.3,1.2,.2,0,2
3100000US13460,13460,2009,6.7,89,.4,1,1.2,.2,.1,1.5
310M100US13460,13460,2010,7.5,88.40000000000001,.4,.7,1.1,.1,.1,1.7
310M100US13460,13460,2011,7.7,88,.3,.4,1.6,.3,0,1.7
310M100US13460,13460,2012,7.6,87.59999999999999,0,.5,.9,.3,0,3.1
310M200US13460,13460,2013,7.7,88.09999999999999,.3,.6,1.4,.3,0,1.7
310M200US13460,13460,2014,7.8,87.8,.4,.5,1.3,0,.1,2.1
310M200US13460,13460,2015,7.9,87.7,.6,.5,1,.1,0,2.2
310M300US13460,13460,2016,7.8,87.40000000000001,.5,.4,.9,0,.1,2.9
3100000US13740,13740,2006,4.240552006960792,89.28833999959529,.6286296278809381,3.257812341915161,.5868109187300602,.127479613379289,.2192109753876662,1.65116451615079
3100000US13740,13740,2007,4.9,88.3,1,4.1,.5,0,0,1.3
3100000US13740,13740,2008,4.9,88,.9,3.2,.9,.2,0,1.9
3100000US13740,13740,2009,5.3,86.7,.3,3.9,.8,0,.3,2.5
310M100US13740,13740,2010,4.5,88.7,.5,3.6,.8,0,.1,1.8
310M100US13740,13740,2011,4.7,88.2,.2,4.7,.2,.3,0,1.6
310M100US13740,13740,2012,4.8,87.90000000000001,.3,3.9,.9,0,0,2.2
310M200US13740,13740,2013,5,87.7,.4,4,.7,.2,0,2
310M200US13740,13740,2014,5,87.59999999999999,.6,4.4,.6,.1,.1,1.6
310M200US13740,13740,2015,5.1,87.40000000000001,.4,4.1,.9,0,0,2.1
310M300US13740,13740,2016,5.3,87.3,.5,3.4,.6,0,0,2.9
3100000US13780,13780,2006,2.163164400494438,90.01106829217059,3.284535899238146,.1603690507929583,2.831705405689264,.0201976134499947,.2080354185349459,1.320923919629656
3100000US13780,13780,2007,2.3,89.7,3.2,.1,2.9,.1,.2,1.5
3100000US13780,13780,2008,2.4,89.40000000000001,3.3,.2,2.6,0,.3,1.9
3100000US13780,13780,2009,2.5,89.5,3.4,.2,2.8,0,0,1.6
310M100US13780,13780,2010,3,88.09999999999999,3.5,.2,2.7,0,.2,2.2
310M100US13780,13780,2011,2.9,88,3.6,.3,3.2,0,0,1.9
310M100US13780,13780,2012,3.1,87.90000000000001,3.8,.1,3.2,0,.1,1.7
310M200US13780,13780,2013,3.3,87.2,4,.2,3.1,0,.3,1.9
310M200US13780,13780,2014,3.4,86.59999999999999,3.7,.2,3.5,.1,.1,2.4
310M200US13780,13780,2015,3.6,86.2,4.2,.1,3.6,0,.1,2.2
310M300US13780,13780,2016,3.6,85.90000000000001,4.4,0,3.1,0,0,2.9
3100000US13820,13820,2006,2.84259870096148,66.75322029979365,28.18908084629268,.2238772418690814,1.195174160896169,.0178918287559307,.022295971218929,.755860950212087
3100000US13820,13820,2007,3.1,66.90000000000001,27.8,.3,1,.1,0,.8
3100000US13820,13820,2008,3.3,66.59999999999999,27.6,.2,1.1,0,0,1.2
3100000US13820,13820,2009,3.7,66.09999999999999,27.9,.1,1.2,0,.3,.8
310M100US13820,13820,2010,4.4,64.90000000000001,28.3,.2,1.2,0,0,.9
310M100US13820,13820,2011,4.5,64.7,28.3,.3,1.4,0,.1,.7
310M100US13820,13820,2012,4.3,64.5,28.3,.2,1.4,0,.1,1.2
310M200US13820,13820,2013,4.4,64.2,28.4,.2,1.2,0,.2,1.3
310M200US13820,13820,2014,4.2,64.09999999999999,28.3,.2,1.4,0,.2,1.5
310M200US13820,13820,2015,4.1,63.9,28.9,.2,1.5,.1,.1,1.2
310M300US13820,13820,2016,4.3,63.8,28.2,.1,1.3,0,.3,1.9
3100000US13900,13900,2006,.7682572326919654,93.54743024382527,.764302240503075,2.084280883545255,1.41489845557555,.0197749609444521,0,1.401055982914434
3100000US13900,13900,2007,1,93,.5,3.9,.4,0,.1,1.1
3100000US13900,13900,2008,,,,,,,,
3100000US13900,13900,2009,1.5,92.2,.3,3.9,.2,0,0,1.9
310M100US13900,13900,2010,.8,92.59999999999999,.3,2.9,.6,.1,0,2.8
310M100US13900,13900,2011,1.3,92.3,.4,4.4,.3,0,0,1.3
310M100US13900,13900,2012,1.3,91.90000000000001,.7,4.1,.6,0,0,1.3
310M200US13900,13900,2013,1.5,88.09999999999999,.4,7.5,.6,0,0,1.9
310M200US13900,13900,2014,2,88,.4,6.8,.2,0,0,2.4
310M200US13900,13900,2015,2.7,87.5,1.5,5.5,.7,0,0,2.1
310M300US13900,13900,2016,2.6,87.2,1.5,7,.5,.1,0,1.2
3100000US13980,13980,2006,1.927481682896446,88.63000120551321,4.582289671430676,.0381745851025356,3.619888289108858,0,.4734988011840819,.7286657647641882
3100000US13980,13980,2007,2,87.59999999999999,5.8,.1,3.1,0,.2,1.1
3100000US13980,13980,2008,1.6,90.09999999999999,3.6,0,3.1,0,.3,1.2
3100000US13980,13980,2009,2,88,4.7,.2,3.2,0,.2,1.8
310M100US13980,13980,2010,2.4,88.59999999999999,4.1,0,3.6,.1,0,1.1
310M100US13980,13980,2011,2.1,87.59999999999999,4.7,.3,3.2,0,.4,1.9
310M100US13980,13980,2012,2.4,87.8,4.6,0,3.8,0,.3,1.1
310M200US13980,13980,2013,2.5,87.90000000000001,4.4,.1,3.3,0,.1,1.7
310M200US13980,13980,2014,2.9,87.40000000000001,4.6,.5,3,0,.1,1.3
310M200US13980,13980,2015,2.5,85.90000000000001,4.7,0,3.8,0,1.5,1.6
310M300US13980,13980,2016,2.8,86.3,5,.3,3.2,0,.2,2.1
310M200US14010,14010,2013,4.6,81.7,6.7,.1,4.5,.1,.3,2.1
310M200US14010,14010,2014,4.6,80.90000000000001,7.6,.1,4.4,0,.7,1.7
310M200US14010,14010,2015,4.8,81,7.6,.2,4.3,.1,.1,2
310M300US14010,14010,2016,4.6,80.40000000000001,7.7,.1,4.6,0,.6,2
3100000US14020,14020,2006,1.623933074273303,91.35146753547934,1.998947922146239,.0888044209895188,3.566883304203221,0,.1572460448094664,1.212717698098907
3100000US14020,14020,2007,1.9,90.7,2.6,.2,3.6,0,0,1
3100000US14020,14020,2008,1.9,90.3,2.7,.6,3.3,.1,.4,.7
3100000US14020,14020,2009,2.1,90.5,2.5,.1,3.1,0,.3,1.3
310M100US14020,14020,2010,2.3,89.40000000000001,2.4,.2,4.1,0,.1,1.5
310M100US14020,14020,2011,2.3,89,1.8,.3,4.1,0,.3,2.1
310M100US14020,14020,2012,2.7,88.40000000000001,2.1,0,4.7,.1,.3,1.8
310M200US14020,14020,2013,2.8,87,3.1,.1,5.1,.1,0,1.8
310M200US14020,14020,2014,2.9,86.2,2.8,.3,5.6,0,0,2.2
310M200US14020,14020,2015,3,85.59999999999999,2.4,.1,5.8,0,0,3
310M300US14020,14020,2016,3.1,85,2.5,.3,5.9,0,.2,3
3100000US14060,14060,2006,3.284698701008673,85.63417327328445,6.671133112492401,.0366000421830995,3.116586642845622,0,.0651356682919567,1.191672559893798
3100000US14060,14060,2007,3.4,85,7.3,.1,2.9,0,.1,1.3
3100000US14060,14060,2008,3.5,84.90000000000001,6.2,.1,2.9,.1,.1,2.3
3100000US14060,14060,2009,3.7,84,6.4,.1,3.3,0,.3,2.2
310M100US14060,14060,2010,4.4,81.90000000000001,6.8,.2,4.5,0,0,2.3
310M100US14060,14060,2011,4.6,81.5,7.6,.1,4,0,.2,2
310M100US14060,14060,2012,4.6,80.7,7.5,0,4.5,0,.3,2.3
3100000US14100,14100,2006,1.212042533605561,96.06410725455254,.7069264631253467,.4154225626379333,1.319438707469345,0,.0531079980645085,.2289544805447701
3100000US14100,14100,2007,1.4,96.3,1.1,.3,.6,0,0,.3
3100000US14100,14100,2008,,,,,,,,
3100000US14100,14100,2009,3.1,92.2,2,.2,.7,0,.2,1.6
310M100US14100,14100,2010,1.8,94.59999999999999,1.3,.1,1.4,0,0,.7
310M100US14100,14100,2011,2.8,93.5,2,0,1.2,0,0,.4
310M100US14100,14100,2012,1.9,93.8,1.6,.2,1.4,0,0,1.2
310M200US14100,14100,2013,2.5,,,,,,,
310M200US14100,14100,2014,2.2,93,1.7,.1,2,.2,0,.8
310M200US14100,14100,2015,2.2,92.90000000000001,1.8,0,2.2,0,.1,.9
310M300US14100,14100,2016,2.4,92.8,1.9,.1,1.9,0,.1,.8
3100000US14140,14140,2006,,,,,,,,
3100000US14140,14140,2007,.4,93.2,4.9,0,.4,.1,0,.9
3100000US14140,14140,2008,,,,,,,,
3100000US14140,14140,2009,.6,,,,,,,
310M100US14140,14140,2010,.9,,,,,,,
310M100US14140,14140,2011,1,92.40000000000001,4.2,.3,.5,0,0,1.6
310M100US14140,14140,2012,.7,,,,,,,
310M200US14140,14140,2013,.8,92,4.2,.1,.4,0,0,2.5
310M200US14140,14140,2014,1.4,91.8,5.1,.4,.2,0,0,1.2
310M200US14140,14140,2015,1,91.59999999999999,5.7,0,.8,0,0,.8
310M300US14140,14140,2016,.7,91.8,6,0,.4,0,.1,1
3100000US14260,14260,2006,10.84694922951807,84.49389705079865,.6937329911316245,.4066285738426929,1.43957076921452,.2107075337184863,.0624905384043965,1.846023313371567
3100000US14260,14260,2007,11.4,83.40000000000001,.9,.6,1.6,.2,.2,1.7
3100000US14260,14260,2008,11.9,82.8,1,.4,1.8,.1,.1,2
